DBRep_DrawableShape

CASCADE Topology V1, (c) Matra-Datavision
Locations 0
Curve2ds 32
1 0 0 0 1 
1 0 0 0 1 
1 0 0 0 1 
7 0 0  11 62 7  1.3967697698995958e-15 0.10407217865557379  0.33550223547050445 0.13689690384519815  0.40920696149571317 0.16999201792034055  0.51047336767570961 0.20545134726716022  0.52767570299771638 0.24119498399992481  0.56879537949353076 0.27885126073321614  0.58546120578365701 0.31273788111227474  0.57719943193318357 0.3487169645054915  0.58934473850157065 0.38554208588032807  0.58964287967250262 0.42406247451988738  0.59153798720354178 0.46234735915793851  0.59253904613842545 0.50203915387948328  0.5925935800721569 0.50437573522914425  0.59264601915213744 0.50667916011061709  0.59268462425022128 0.5090385146089943  0.59272518522792539 0.51135405965196123  0.59275978000041607 0.51362269824219031  0.59276764948032867 0.51594166792319018  0.59275694263419565 0.51830965009881802  0.59275335244831229 0.52062628200678907  0.5927323250961829 0.52297537487826795  0.59267883569682889 0.52767259019236845  0.59264467465923409 0.53002554041457406  0.5926038453472503 0.53238179931162632  0.59255696958936055 0.5347404183437614  0.59250454298066668 0.53710053433208915  0.5924469348794521 0.53946136944053202  0.59238438841226682 0.54182223120061745  0.59231702046819279 0.54418251248417226  0.59224482170390336 0.5465416915276452  0.5921676565401327 0.54889933191463858  0.59192047641058609 0.55596658392824716  0.59173555090418872 0.56066985974172556  0.59152853863085231 0.56536259966024083  0.59129695185721953 0.57004300838595046  0.59103776312878975 0.57470980568791574  0.59074740527279646 0.5793622264048981  0.59042177139364926 0.58400002044118859  0.59005621487854032 0.58862345277128358  0.58964554939198854 0.59323330343582015  0.58918404888008846 0.59783086754437043  0.58762824494335775 0.61159213073288743  0.58636681141807645 0.62072115866959732  0.58482864810917223 0.62981699377007838  0.5829613992158299 0.63889071219197691  0.58071298264276372 0.64795209784909702  0.57803172064909925 0.65700922871888068  0.57486647046364148 0.66606806311920763  0.57116675493594837 0.67513202601833033  0.56688289315639229 0.68420159531561064  0.56196613109816829 0.69327388814334956  0.54517405454356593 0.72047896518176557  0.53118357303339836 0.73860686152673127  0.51423716525506391 0.75667571374256337  0.49317965356015098 0.77464654119305332  0.46742195086564647 0.79244265926654434  0.43548312050403387 0.81000848821319482  0.3941907152883819 0.82736259196177309  0.3394007997880073 0.84458873656561384  0.26628313856008445 0.86176607204039291  0.16440111197064047 0.87889685567635767  -1.309958055348307e-15 0.89594744902798584 
 0.45357145571501772 12 3.0543339764710855 10 3.2168816340183399 10 3.3794292915655939 10 3.7045246066601027 10 4.3547152368491195 10 5.6550964972271531 12
8 0 0.39826550272882599
7 0 0  1 2 2  0 0.45357145571501772  5.2015250415121352 0.45357145571501772 
 0 2 0.39826550272882599 2
8 0 0.39826550272882599
1 0 0.45357145571501772 1 0 
1 5.2015250415121352 0 0 1 
7 0 0  10 65 8  0.072116867425213449 0.2084934217544579  0.11850313884648037 0.20051967190193445  0.16485709328154644 0.19473391954111102  0.21170548676953374 0.19347292696809826  0.25466242325683219 0.1878999146961528  0.30030560943217355 0.18184154708842348  0.34338230032067329 0.18675899634330601  0.38680643811211274 0.17617019439311618  0.42648114267892112 0.16855000333313608  0.46050717892931214 0.16712416031087263  0.49914608630011059 0.16788140709986527  0.50032027294073134 0.1679064920066842  0.50149808696350184 0.16793356957187253  0.50267984509207098 0.16796249441983391  0.50386586404783096 0.16799312117407775  0.50505646055528264 0.16802530445938038  0.5062519513356738 0.16805889889914763  0.50745265311289156 0.16809375911793839  0.50865888260915115 0.16812973973955705  0.51108303048582715 0.16820365103680876  0.51229595334367684 0.16824192342793595  0.5135087376494486 0.16828169843870247  0.51472099173436103 0.16832310056335431  0.51593274844559089 0.16836620699301164  0.51714429385206784 0.16841106169483924  0.51835599596031889 0.16845768949193635  0.51956813341943486 0.16850611014256378  0.52078072423540012 0.1685563524198159  0.52441861496648579 0.16871269973369432  0.52684530249797379 0.16882477211866712  0.52927381180279509 0.16894443474011034  0.53170453760795189 0.16907143699150257  0.53413787464459528 0.16920552826744376  0.53657421763807378 0.16934645796094219  0.53901396132003765 0.16949397546677722  0.54145750041679686 0.16964783017818019  0.54390522965814836 0.16980777148943052  0.55126217200030436 0.17030510340397809  0.55618449298391359 0.17065926439572787  0.5611261597732019 0.17103166964822206  0.5660884918805823 0.1714183529527151  0.5710724752834232 0.17181574401396207  0.5760787624190371 0.17222066844850714  0.58110767219167092 0.17263034778703029  0.58615918996491279 0.17304239947185446  0.59123296756815991 0.17345483685901289  0.6065190347407261 0.17468853393274383  0.61679712588141888 0.1755065774001105  0.62715817262130058 0.17631154718053782  0.63759612211128991 0.17710246463923751  0.64810400556951875 0.17788365552440849  0.65867465111222756 0.17866238054912317  0.66930139657476528 0.17944646596984629  0.67997880234284969 0.18024193416846468  0.6907033641752085 0.18105063423136775  0.72301594974563588 0.18350234912879559  0.74474451318398771 0.1851610386213961  0.76663101531910915 0.18689551291258172  0.7887030173623446 0.18855613552380265  0.81097880637108699 0.19009955038901008  0.83344083803804947 0.19165356653750115  0.85603911628732787 0.19343395678573747  0.878715267329641 0.19560768855999877  0.90143806579577146 0.19819710497065099  0.9242411705996153 0.2011195742603181 
 0.45357145571501772 11 3.0543339764710855 9 3.1356078052447129 9 3.2168816340183399 9 3.3794292915655939 9 3.7045246066601027 9 4.3547152368491195 9 5.6550964972271531 11
8 0 5.2015250415121352
1 0 5.6550964972271531 1 0 
8 0 5.2015250415121352
7 0 0  1 2 2  0 5.6550964972271531  0.42785479255532177 5.6550964972271531 
 0 2 5.2015250415121352 2
7 0 0  8 23 4  0 0.45357145571501772  0.018940195206897287 0.41519720070337124  0.03757462896241804 0.37848503415161527  0.056393142469730213 0.34274477794616176  0.075655479873843287 0.30785329405869372  0.095513754732429887 0.27394948464896351  0.11610323304555104 0.24127447119264739  0.13760143284428281 0.21015695263478926  0.17158259408523555 0.16663713753512457  0.18319852203607292 0.15265360783252963  0.19513873997243861 0.13926074291990653  0.20744118338765694 0.12652988264535017  0.22015407050265171 0.1145434845786352  0.23334366528206146 0.1034024913442073  0.24710204045015821 0.093233697954111627  0.27600764056371929 0.0751605403278304  0.29113448940579001 0.067266467610141351  0.30729654121799632 0.060561212478617031  0.32392602267590659 0.055698445409306713  0.34154888069407602 0.052525841726463747  0.35977677611397868 0.051463483825072147  0.37875493072139238 0.052422299884795  0.39826550272882594 0.055305952986191786 
 0 9 0.5 7 0.75 7 1 9
7 0 0  8 23 4  0 0.45357145571501772  0.018940195206897287 0.41519720070337124  0.03757462896241804 0.37848503415161527  0.056393142469730213 0.34274477794616176  0.075655479873843287 0.30785329405869372  0.095513754732429887 0.27394948464896351  0.11610323304555104 0.24127447119264739  0.13760143284428281 0.21015695263478926  0.17158259408523555 0.16663713753512457  0.18319852203607292 0.15265360783252963  0.19513873997243861 0.13926074291990653  0.20744118338765694 0.12652988264535017  0.22015407050265171 0.1145434845786352  0.23334366528206146 0.1034024913442073  0.24710204045015821 0.093233697954111627  0.27600764056371929 0.0751605403278304  0.29113448940579001 0.067266467610141351  0.30729654121799632 0.060561212478617031  0.32392602267590659 0.055698445409306713  0.34154888069407602 0.052525841726463747  0.35977677611397868 0.051463483825072147  0.37875493072139238 0.052422299884795  0.39826550272882594 0.055305952986191786 
 0 9 0.5 7 0.75 7 1 9
1 0.39826550272882599 0 0 1 
7 0 0  6 7 2  -8.2507604311026982e-18 0.23320494600700645  0.012549338775555762 0.22725174794021702  0.024621444295661626 0.2218665565019666  0.036566210485363619 0.2172412101775601  0.048432351728812627 0.21346252127061216  0.060277998657642454 0.2105285104821577  0.072116867425213532 0.20849342175445795 
 0.055305952986191759 7 0.45357145571501772 7
1 1 0 0 1 
1 1 0 0 1 
1 0.42785479255532177 0 0 1 
7 0 0  6 7 2  0.92424117059961608 0.20111957426031815  0.93674573108601211 0.20272217155207573  0.94927525985838312 0.2051021716197573  0.96184597299524521 0.20829352649428498  0.97448066217787166 0.21231206021273774  0.98721311781774657 0.21723614625215998  1.0000000000000007 0.22325998165357941 
 5.6550964972271531 7 6.0829512897824749 7
1 1 0 0 1 
1 0 1 1 0 
1 0 0 0 1 
1 0 0 0 1 
7 0 0  9 58 8  0 5.6550964972271531  0.017845195378871737 5.6897690555301628  0.035616780619450623 5.7238709975580573  0.053449379669509023 5.7574261258104862  0.071465843398435286 5.7904053788044063  0.089774539707507872 5.82273258678185  0.10850090995344003 5.8542693850653347  0.12779652659380428 5.8848126317818146  0.1478444869894493 5.9141030147764617  0.17159446473897466 5.9452721022362232  0.174249968852531 5.948710574767575  0.17692268714501297 5.9521236420810544  0.17961325568317851 5.9555106391784562  0.18232235011853695 5.9588708818694966  0.18505068568740449 5.9622036667770049  0.18779901721081033 5.9655082713302958  0.19056813909461237 5.9687839537717204  0.19405657188808659 5.9728414529966374  0.19475560967511207 5.9736510978660462  0.19545601250932262 5.9744588755796961  0.19615779420961477 5.9752647739597124  0.19686096859481822 5.9760687808247903  0.19756554948383767 5.9768708839970204  0.19827155069551683 5.9776710712962871  0.19897898604873618 5.9784693305433043  0.20039675267597973 5.9800619685740362  0.20110698621703979 5.9808562393331037  0.20181933142476768 5.9816492669897201  0.20253119368551883 5.982438181372542  0.2032480257343994 5.9832289307155282  0.20396263305222065 5.9840135873034432  0.20468080528814447 5.9847984970780654  0.20540051441526638 5.9855813744093496  0.20756520661784914 5.987924873547998  0.20901571351524373 5.9894803192033716  0.21047364927824608 5.9910286391124981  0.21193906401016882 5.9925695946328155  0.21341200781425401 5.9941029471221645  0.21489253079382908 5.9956284579376167  0.21638068305214234 5.997145888437136  0.21787651469249825 5.998654999977969  0.22539432032085818 6.0061577696769257  0.23153222071688748 6.0120229262609337  0.23779685802509584 6.0177353159262861  0.24419128510205121 6.023278661866093  0.25071852599477368 6.0286363355384482  0.25738157529552086 6.0337915740039803  0.26418339749398501 6.0387276972524475  0.27112692633203106 6.0434283255398622  0.29239133980541671 6.0567761390726567  0.30714604327400763 6.0646692684706638  0.32250203091851692 6.0714298996169971  0.33848107636840663 6.0769393729006138  0.35510287813114572 6.0810928023009678  0.3723798010694539 6.083805171623184  0.39030955455281718 6.0850169206800553  0.40885139134369108 6.0847092977900363  0.42785479255532172 6.0829512897824758 
 0 10 0.5 8 0.5625 8 0.578125 8 0.59375 8 0.625 8 0.75 8 1 10
7 0 0  9 58 8  0 5.6550964972271531  0.017845195378871737 5.6897690555301628  0.035616780619450623 5.7238709975580573  0.053449379669509023 5.7574261258104862  0.071465843398435286 5.7904053788044063  0.089774539707507872 5.82273258678185  0.10850090995344003 5.8542693850653347  0.12779652659380428 5.8848126317818146  0.1478444869894493 5.9141030147764617  0.17159446473897466 5.9452721022362232  0.174249968852531 5.948710574767575  0.17692268714501297 5.9521236420810544  0.17961325568317851 5.9555106391784562  0.18232235011853695 5.9588708818694966  0.18505068568740449 5.9622036667770049  0.18779901721081033 5.9655082713302958  0.19056813909461237 5.9687839537717204  0.19405657188808659 5.9728414529966374  0.19475560967511207 5.9736510978660462  0.19545601250932262 5.9744588755796961  0.19615779420961477 5.9752647739597124  0.19686096859481822 5.9760687808247903  0.19756554948383767 5.9768708839970204  0.19827155069551683 5.9776710712962871  0.19897898604873618 5.9784693305433043  0.20039675267597973 5.9800619685740362  0.20110698621703979 5.9808562393331037  0.20181933142476768 5.9816492669897201  0.20253119368551883 5.982438181372542  0.2032480257343994 5.9832289307155282  0.20396263305222065 5.9840135873034432  0.20468080528814447 5.9847984970780654  0.20540051441526638 5.9855813744093496  0.20756520661784914 5.987924873547998  0.20901571351524373 5.9894803192033716  0.21047364927824608 5.9910286391124981  0.21193906401016882 5.9925695946328155  0.21341200781425401 5.9941029471221645  0.21489253079382908 5.9956284579376167  0.21638068305214234 5.997145888437136  0.21787651469249825 5.998654999977969  0.22539432032085818 6.0061577696769257  0.23153222071688748 6.0120229262609337  0.23779685802509584 6.0177353159262861  0.24419128510205121 6.023278661866093  0.25071852599477368 6.0286363355384482  0.25738157529552086 6.0337915740039803  0.26418339749398501 6.0387276972524475  0.27112692633203106 6.0434283255398622  0.29239133980541671 6.0567761390726567  0.30714604327400763 6.0646692684706638  0.32250203091851692 6.0714298996169971  0.33848107636840663 6.0769393729006138  0.35510287813114572 6.0810928023009678  0.3723798010694539 6.083805171623184  0.39030955455281718 6.0850169206800553  0.40885139134369108 6.0847092977900363  0.42785479255532172 6.0829512897824758 
 0 10 0.5 8 0.5625 8 0.578125 8 0.59375 8 0.625 8 0.75 8 1 10
1 0 0 1 0 
1 0 1 1 0 
1 0 0 0 1 
1 0 0 0 1 
7 0 0  1 2 2  0 0.45357145571501772  5.2015250415121352 0.45357145571501772 
 0 2 0.39826550272882599 2
1 0 0.45357145571501772 1 0 
1 0 5.6550964972271531 1 0 
7 0 0  1 2 2  0 5.6550964972271531  0.42785479255532177 5.6550964972271531 
 0 2 5.2015250415121352 2
Curves 20
7 1 0  8 15 3  3.7968003229528451 0 1.6184270664468106  1 4.1225498887074341 0 1.5464470479169017  0.99999999999943356 4.485800338888108 0 1.5339166647293045  1.0000000000014664 4.8546274483723186 0 1.549155118205271  0.99999999999804112 5.2361297205262218 0 1.7058665283919869  1.0000000000015565 5.5927401703155972 0 1.7073699385381724  0.99999999999929301 5.9540440740165597 0 1.9171324961789211  1.0000000000001339 6.7071696424045868 0 1.9701884092588351  0.99999999999989275 7.4413215702876192 0 1.8508166202220733  1.0000000000000786 7.7958600285493809 0 1.7461877273133377  0.99999999999979083 8.1418957445838167 0 1.7005374636237083  1.0000000000003286 8.4966894537222686 0 1.5988706947616957  0.99999999999966294 8.8506929736040796 0 1.5781424490668685  1.0000000000002163 9.1874469819032907 0 1.5715196409154177  0.99999999999992562 9.5053405902145371 0 1.6184270664468106  1
 0 9 0.51275203616559539 6 1 9
7 1 0  10 20 3  4.3574047350340486 0 1.5645845498593896  0.99999999999999956 4.5661151843505063 0.14023402491159759 1.5671976063082218  1.0000000000000346 4.7813942032612395 0.24483759046434986 1.5864824975555862  0.99999999999987899 5.0155871783135213 0.3202657976289835 1.6234564590078893  1.0000000000002538 5.2586938541852248 0.38685792375502537 1.6735164272148473  0.99999999999962086 5.4920335719269087 0.43482412154070449 1.7440010404802142  1.0000000000004223 5.7119450257495545 0.44308136013655147 1.7844267127437838  0.99999999999964906 5.9516550626673448 0.45752404971607452 1.8671326766014948  1.0000000000002118 6.2101174774264383 0.46333362231495967 1.9316311692044219  0.99999999999991407 6.4710779843453112 0.47092017747875264 1.9380826417230601  1.0000000000000169 6.955461483012046 0.4712119580187169 1.9151033331698599  0.9999999999999899 7.2057770831189458 0.46393783487796403 1.8865724554927208  1.0000000000000309 7.4249168606565652 0.46108630241305454 1.8358103214562234  0.99999999999993383 7.6381799141021167 0.44686714856529242 1.7976462307056758  1.0000000000001015 7.8684524659482529 0.40732108749312529 1.7438497298677151  0.99999999999989975 8.0990355254791879 0.35691754692474364 1.6971434245659693  1.0000000000000626 8.3179386661678372 0.30578903611211189 1.6567302176878118  0.99999999999997713 8.5279807000158865 0.22911908892298369 1.6249082543142057  1.0000000000000027 8.7373139654954954 0.12614566611386252 1.6036755111059824  1.0000000000000007 8.9406779936826837 0 1.5946742778145588  1
 0.45357145571501772 11 3.13680328155775 9 5.6550964972271531 11
7 1 0  2 3 2  4.3574047350340486 0 1.5645845498593896  1 4.1909199982015179 0.27523390890231164 1.5625001596592969  0.70930549341591764 4.1796675128845218 0.26833505791930867 1.2410954236648604  1
 0 3 0.39826550272882599 3
7 1 0  10 20 3  4.1796675128845209 0.26833505791930801 1.2410954236648599  0.99999999999999956 4.4419832195102531 0.4287162156181637 1.2431214943458726  1.0000000000000346 4.7139943026675324 0.55223667649087094 1.2641405174053821  0.99999999999987899 4.9945252393902102 0.63216977735470192 1.3001034097871433  1.0000000000002538 5.2476015423331699 0.69838489548915639 1.3660843872700965  0.99999999999962086 5.5228331279185294 0.76262187683725724 1.4187115644742951  1.0000000000004223 5.7701635003778007 0.76425044844327938 1.4737296637366983  0.99999999999964906 6.0329812104428733 0.78161789305403984 1.5611867552447329  1.0000000000002118 6.2676970904932716 0.78668917524938631 1.6049795964354818  0.99999999999991407 6.4682342346644512 0.79461778457712628 1.6137498158816459  1.0000000000000169 6.9291718064274734 0.79488561030515448 1.5926763237451549  0.9999999999999899 7.1487434542738377 0.78742041074991087 1.5671708756419358  1.0000000000000309 7.3830811449665381 0.78448754791424657 1.5198559710308464  0.99999999999993383 7.6220877199178867 0.77112123944197053 1.4769658712731062  1.0000000000001015 7.8687849322525043 0.72225084488378255 1.4296862810220794  0.99999999999989975 8.1029094516503939 0.67354309099380183 1.3773296735136982  1.0000000000000626 8.3555185438146236 0.62016016255203754 1.3365497601417478  0.99999999999997713 8.6070819550437747 0.53004324203832442 1.3027424589654528  1.0000000000000027 8.8556150590937435 0.41449836509771881 1.2802321408934123  1.0000000000000007 9.0987366800623892 0.27423859460799727 1.271066753958819  1
 0.45357145571501772 11 3.13680328155775 9 5.6550964972271531 11
7 1 0  2 3 2  8.9406779936826837 0 1.5946742778145588  1 9.098872129010747 0.27416183112199294 1.5876723398114794  0.71488175127978149 9.0987366800623892 0.27423859460799727 1.271066753958819  1
 0 3 5.2015250415121352 3
7 0 0  8 16 3  4.3574047350340486 -2.775557561562892e-17 1.5645845498593898  4.2927753450149941 -2.775557561562892e-17 1.5637753823919474  4.2294296224616419 -1.9282763161019436e-18 1.5590499259688941  4.1641620323038397 2.3625826600538265e-15 1.5500129434363559  4.0979681373104517 -6.7497341574576017e-15 1.5354366683852183  4.0305597602332934 2.2527803192246983e-15 1.5135474651222749  3.9662145126147106 -2.8657390268996064e-16 1.4829040214685987  3.9066281569449539 -3.9709039864874742e-18 1.4427964125659101  3.8457789394381465 -3.9709039864874742e-18 1.3748309820530762  3.8328687445014582 -1.1999335893593007e-17 1.3580450883619204  3.821437387679266 5.4514638272233607e-18 1.3402076661735951  3.8118338567441694 1.6768881526440534e-17 1.3214381896473588  3.8043738315148725 5.4669523755927444e-18 1.3018938215382383  3.7993135201849633 -5.6093145615443653e-18 1.2817795742843152  3.7968003229528446 1.387778780781446e-17 1.2613641948621368  3.7968003229528446 1.387778780781446e-17 1.241001773410259 
 0 9 0.76976321354440058 7 1 9
7 1 0  5 6 2  3.7968003229528451 0 1.241001773410259  0.99999999999999989 3.8737050765293932 0.056990033649576499 1.2395954688930095  1.0000000000000007 3.9487915438274062 0.11470110416407656 1.2398522954959244  0.99999999999999911 4.0248967637229898 0.16939365583431415 1.240001444420479  1.0000000000000002 4.10179776211102 0.22072509609344126 1.2404939742853744  1 4.1796675128845218 0.26833505791930867 1.2410954236648604  1
 0.055305952986191759 6 0.45357145571501772 6
7 1 0  1 2 2  9.5053405902145371 0 1.6184270664468106  1.000000000000004 9.5053405902145371 0 -4.1332548850192552e-07  0.99999999999999334
 0 2 1 2
7 1 0  5 6 2  9.0987366800623857 0.27423859460799899 1.2710667539588185  1 9.1813487842113659 0.22657868381338675 1.2679523789518168  1.0000000000000033 9.2632761038972031 0.17572620071855943 1.264988182189521  0.999999999999994 9.3444765309394828 0.12159359529827285 1.2621897186969999  1.0000000000000038 9.4252975981457947 0.064106833405990687 1.2596167816224746  0.999999999999999 9.5053405902145371 -4.5519144009631347e-15 1.2570969770052012  1
 5.6550964972271531 6 6.0829512897824749 6
7 1 0  8 15 3  3.7968003229528451 0 -4.1332548850192552e-07  1 4.1288320482675411 0.24265472499527313 -4.1332548850119935e-07  1.0000000000013605 4.4677038701785579 0.54066766777341124 -4.1332548850385061e-07  0.99999999999644751 4.8549845835756864 0.53616402858606171 -4.1332548849925186e-07  1.0000000000047979 5.2078577545469473 0.76055536154708614 -4.1332548850418048e-07  0.99999999999615508 5.5958976623641998 0.76260436995363623 -4.1332548850079865e-07  1.0000000000017284 5.968240515485264 0.77453689320314345 -4.1332548850219546e-07  0.99999999999970601 6.7041081402172837 0.81510815028159378 -4.1332548850166935e-07  1.0000000000001896 7.4381050307949614 0.7743058599650503 -4.1332548850215125e-07  0.99999999999990685 7.7987336519019372 0.79600429076835233 -4.1332548850109267e-07  1.0000000000000535 8.1519993579213654 0.60901001650822872 -4.1332548850347141e-07  1.0000000000000742 8.5077640306126199 0.65333244688536285 -4.1332548850021303e-07  0.99999999999982681 8.8578489247383168 0.41246500355415555 -4.1332548850307854e-07  1.0000000000001501 9.187807332700034 0.25494058430179484 -4.1332548850151958e-07  0.99999999999993738 9.5053405902145371 0 -4.1332548850192552e-07  1
 0 9 0.51207511251300564 6 1 9
7 1 0  1 2 2  3.7968003229528451 0 1.6184270664468106  1.000000000000004 3.7968003229528451 0 -4.1332548850192552e-07  0.99999999999999334
 0 2 1 2
7 0 0  8 16 3  8.9406779936826837 1.3877787807814457e-17 1.5946742778145588  8.9910948858458521 1.3877787807814457e-17 1.5924427364837355  9.0415812851013388 -8.7603170649151967e-17 1.5879938313232076  9.0922726768011835 8.1422169595867005e-16 1.5810991798213874  9.1430997304074904 -1.7352903296696643e-15 1.571397715018273  9.1938411511085256 1.381754748000643e-15 1.5585026147485881  9.2439991369676591 -3.6012604269265928e-16 1.5417903213769424  9.2929250237703034 -2.7791008467163803e-17 1.5206538608219384  9.3717219690995641 -2.7791008467163803e-17 1.4748972716817714  9.4032898257685975 1.5124369841808338e-15 1.4530336739191618  9.4331031694585423 -6.6479705157809649e-15 1.4277662834493348  9.4598603151576643 1.2423468069339532e-14 1.3988956659962253  9.4818718237825728 -1.3170018213670886e-14 1.3664909631060287  9.4975843773873017 8.6287494297897494e-15 1.3310995423120873  9.5053405902145371 -2.310651670001107e-15 1.2938827010419938  9.5053405902145371 -2.310651670001107e-15 1.2570969770052016 
 0 9 0.58934118688352888 7 1 9
7 1 0  8 15 3  3.7968003229528451 0 -4.1332548850192552e-07  1 4.1288320482675411 0 -4.1332548850119935e-07  1.0000000000013605 4.4677038701785579 0 -4.1332548850385061e-07  0.99999999999644751 4.8549845835756864 0 -4.1332548849925186e-07  1.0000000000047979 5.2078577545469473 0 -4.1332548850418048e-07  0.99999999999615508 5.5958976623641998 0 -4.1332548850079865e-07  1.0000000000017284 5.968240515485264 0 -4.1332548850219546e-07  0.99999999999970601 6.7041081402172837 0 -4.1332548850166935e-07  1.0000000000001896 7.4381050307949614 0 -4.1332548850215125e-07  0.99999999999990685 7.7987336519019372 0 -4.1332548850109267e-07  1.0000000000000535 8.1519993579213654 0 -4.1332548850347141e-07  1.0000000000000742 8.5077640306126199 0 -4.1332548850021303e-07  0.99999999999982681 8.8578489247383168 0 -4.1332548850307854e-07  1.0000000000001501 9.187807332700034 0 -4.1332548850151958e-07  0.99999999999993738 9.5053405902145371 0 -4.1332548850192552e-07  1
 0 9 0.51207511251300564 6 1 9
7 1 0  10 20 3  4.3574047350340486 0 1.5645845498593896  0.99999999999999956 4.5661151843505063 -0.14023402491159759 1.5671976063082218  1.0000000000000346 4.7813942032612395 -0.24483759046434986 1.5864824975555862  0.99999999999987899 5.0155871783135213 -0.3202657976289835 1.6234564590078893  1.0000000000002538 5.2586938541852248 -0.38685792375502537 1.6735164272148473  0.99999999999962086 5.4920335719269087 -0.43482412154070449 1.7440010404802142  1.0000000000004223 5.7119450257495545 -0.44308136013655147 1.7844267127437838  0.99999999999964906 5.9516550626673448 -0.45752404971607452 1.8671326766014948  1.0000000000002118 6.2101174774264383 -0.46333362231495967 1.9316311692044219  0.99999999999991407 6.4710779843453112 -0.47092017747875264 1.9380826417230601  1.0000000000000169 6.955461483012046 -0.4712119580187169 1.9151033331698599  0.9999999999999899 7.2057770831189458 -0.46393783487796403 1.8865724554927208  1.0000000000000309 7.4249168606565652 -0.46108630241305454 1.8358103214562234  0.99999999999993383 7.6381799141021167 -0.44686714856529242 1.7976462307056758  1.0000000000001015 7.8684524659482529 -0.40732108749312529 1.7438497298677151  0.99999999999989975 8.0990355254791879 -0.35691754692474364 1.6971434245659693  1.0000000000000626 8.3179386661678372 -0.30578903611211189 1.6567302176878118  0.99999999999997713 8.5279807000158865 -0.22911908892298369 1.6249082543142057  1.0000000000000027 8.7373139654954954 -0.12614566611386252 1.6036755111059824  1.0000000000000007 8.9406779936826837 0 1.5946742778145588  1
 0.45357145571501772 11 3.13680328155775 9 5.6550964972271531 11
7 1 0  2 3 2  4.3574047350340486 0 1.5645845498593896  1 4.1909199982015179 -0.27523390890231164 1.5625001596592969  0.70930549341591764 4.1796675128845218 -0.26833505791930867 1.2410954236648604  1
 0 3 0.39826550272882599 3
7 1 0  10 20 3  4.1796675128845209 -0.26833505791930801 1.2410954236648599  0.99999999999999956 4.4419832195102531 -0.4287162156181637 1.2431214943458726  1.0000000000000346 4.7139943026675324 -0.55223667649087094 1.2641405174053821  0.99999999999987899 4.9945252393902102 -0.63216977735470192 1.3001034097871433  1.0000000000002538 5.2476015423331699 -0.69838489548915639 1.3660843872700965  0.99999999999962086 5.5228331279185294 -0.76262187683725724 1.4187115644742951  1.0000000000004223 5.7701635003778007 -0.76425044844327938 1.4737296637366983  0.99999999999964906 6.0329812104428733 -0.78161789305403984 1.5611867552447329  1.0000000000002118 6.2676970904932716 -0.78668917524938631 1.6049795964354818  0.99999999999991407 6.4682342346644512 -0.79461778457712628 1.6137498158816459  1.0000000000000169 6.9291718064274734 -0.79488561030515448 1.5926763237451549  0.9999999999999899 7.1487434542738377 -0.78742041074991087 1.5671708756419358  1.0000000000000309 7.3830811449665381 -0.78448754791424657 1.5198559710308464  0.99999999999993383 7.6220877199178867 -0.77112123944197053 1.4769658712731062  1.0000000000001015 7.8687849322525043 -0.72225084488378255 1.4296862810220794  0.99999999999989975 8.1029094516503939 -0.67354309099380183 1.3773296735136982  1.0000000000000626 8.3555185438146236 -0.62016016255203754 1.3365497601417478  0.99999999999997713 8.6070819550437747 -0.53004324203832442 1.3027424589654528  1.0000000000000027 8.8556150590937435 -0.41449836509771881 1.2802321408934123  1.0000000000000007 9.0987366800623892 -0.27423859460799727 1.271066753958819  1
 0.45357145571501772 11 3.13680328155775 9 5.6550964972271531 11
7 1 0  2 3 2  8.9406779936826837 0 1.5946742778145588  1 9.098872129010747 -0.27416183112199294 1.5876723398114794  0.71488175127978149 9.0987366800623892 -0.27423859460799727 1.271066753958819  1
 0 3 5.2015250415121352 3
7 1 0  5 6 2  3.7968003229528451 0 1.241001773410259  0.99999999999999989 3.8737050765293932 -0.056990033649576499 1.2395954688930095  1.0000000000000007 3.9487915438274062 -0.11470110416407656 1.2398522954959244  0.99999999999999911 4.0248967637229898 -0.16939365583431415 1.240001444420479  1.0000000000000002 4.10179776211102 -0.22072509609344126 1.2404939742853744  1 4.1796675128845218 -0.26833505791930867 1.2410954236648604  1
 0.055305952986191759 6 0.45357145571501772 6
7 1 0  5 6 2  9.0987366800623857 -0.27423859460799899 1.2710667539588185  1 9.1813487842113659 -0.22657868381338675 1.2679523789518168  1.0000000000000033 9.2632761038972031 -0.17572620071855943 1.264988182189521  0.999999999999994 9.3444765309394828 -0.12159359529827285 1.2621897186969999  1.0000000000000038 9.4252975981457947 -0.064106833405990687 1.2596167816224746  0.999999999999999 9.5053405902145371 4.5519144009631347e-15 1.2570969770052012  1
 5.6550964972271531 6 6.0829512897824749 6
7 1 0  8 15 3  3.7968003229528451 0 -4.1332548850192552e-07  1 4.1288320482675411 -0.24265472499527313 -4.1332548850119935e-07  1.0000000000013605 4.4677038701785579 -0.54066766777341124 -4.1332548850385061e-07  0.99999999999644751 4.8549845835756864 -0.53616402858606171 -4.1332548849925186e-07  1.0000000000047979 5.2078577545469473 -0.76055536154708614 -4.1332548850418048e-07  0.99999999999615508 5.5958976623641998 -0.76260436995363623 -4.1332548850079865e-07  1.0000000000017284 5.968240515485264 -0.77453689320314345 -4.1332548850219546e-07  0.99999999999970601 6.7041081402172837 -0.81510815028159378 -4.1332548850166935e-07  1.0000000000001896 7.4381050307949614 -0.7743058599650503 -4.1332548850215125e-07  0.99999999999990685 7.7987336519019372 -0.79600429076835233 -4.1332548850109267e-07  1.0000000000000535 8.1519993579213654 -0.60901001650822872 -4.1332548850347141e-07  1.0000000000000742 8.5077640306126199 -0.65333244688536285 -4.1332548850021303e-07  0.99999999999982681 8.8578489247383168 -0.41246500355415555 -4.1332548850307854e-07  1.0000000000001501 9.187807332700034 -0.25494058430179484 -4.1332548850151958e-07  0.99999999999993738 9.5053405902145371 0 -4.1332548850192552e-07  1
 0 9 0.51207511251300564 6 1 9
Polygon3D 0
PolygonOnTriangulations 0
Surfaces 12
9 1 0 0 0 1 8 2 15 2 3 3.7968003229528451 0 1.6184270664468106  1 4.1225498887074341 0 1.5464470479169017  0.99999999999943356 4.485800338888108 0 1.5339166647293045  1.0000000000014664 4.8546274483723186 0 1.549155118205271  0.99999999999804112 5.2361297205262218 0 1.7058665283919869  1.0000000000015565 5.5927401703155972 0 1.7073699385381724  0.99999999999929301 5.9540440740165597 0 1.9171324961789211  1.0000000000001339 6.7071696424045868 0 1.9701884092588351  0.99999999999989275 7.4413215702876192 0 1.8508166202220733  1.0000000000000786 7.7958600285493809 0 1.7461877273133377  0.99999999999979083 8.1418957445838167 0 1.7005374636237083  1.0000000000003286 8.4966894537222686 0 1.5988706947616957  0.99999999999966294 8.8506929736040796 0 1.5781424490668685  1.0000000000002163 9.1874469819032907 0 1.5715196409154177  0.99999999999992562 9.5053405902145371 0 1.6184270664468106  1 
3.7968003229528451 0 1.6184270664468106  1 4.1225498887074341 0.24243002760134152 1.5464470479169017  0.99999999999943356 4.485800338888108 0.54383368959464451 1.5339166647293045  1.0000000000014664 4.8546274483723186 0.54620100639303948 1.549155118205271  0.99999999999804112 5.2361297205262218 0.7574065709827279 1.7058665283919869  1.0000000000015565 5.5927401703155972 0.76217283263842428 1.7073699385381724  0.99999999999929301 5.9540440740165597 0.77414884505757309 1.9171324961789211  1.0000000000001339 6.7071696424045868 0.81533815176161228 1.9701884092588351  0.99999999999989275 7.4413215702876192 0.7742249392569428 1.8508166202220733  1.0000000000000786 7.7958600285493809 0.79436588255552887 1.7461877273133377  0.99999999999979083 8.1418957445838167 0.61232289209720947 1.7005374636237083  1.0000000000003286 8.4966894537222686 0.65397587412619729 1.5988706947616957  0.99999999999966294 8.8506929736040796 0.42011351078841724 1.5781424490668685  1.0000000000002163 9.1874469819032907 0.25442272654603826 1.5715196409154177  0.99999999999992562 9.5053405902145371 0 1.6184270664468106  1 

0 2
1 2

0 9
0.51275203616559539 6
1 9

9 1 0 0 0 1 8 2 15 2 3 3.7968003229528451 0 1.6184270664468106  1 4.1225498887074341 0 1.5464470479169017  0.99999999999943356 4.485800338888108 0 1.5339166647293045  1.0000000000014664 4.8546274483723186 0 1.549155118205271  0.99999999999804112 5.2361297205262218 0 1.7058665283919869  1.0000000000015565 5.5927401703155972 0 1.7073699385381724  0.99999999999929301 5.9540440740165597 0 1.9171324961789211  1.0000000000001339 6.7071696424045868 0 1.9701884092588351  0.99999999999989275 7.4413215702876192 0 1.8508166202220733  1.0000000000000786 7.7958600285493809 0 1.7461877273133377  0.99999999999979083 8.1418957445838167 0 1.7005374636237083  1.0000000000003286 8.4966894537222686 0 1.5988706947616957  0.99999999999966294 8.8506929736040796 0 1.5781424490668685  1.0000000000002163 9.1874469819032907 0 1.5715196409154177  0.99999999999992562 9.5053405902145371 0 1.6184270664468106  1 
3.7968003229528451 0 1.6184270664468106  1 4.1225498887074341 -0.24243002760134152 1.5464470479169017  0.99999999999943356 4.485800338888108 -0.54383368959464451 1.5339166647293045  1.0000000000014664 4.8546274483723186 -0.54620100639303948 1.549155118205271  0.99999999999804112 5.2361297205262218 -0.7574065709827279 1.7058665283919869  1.0000000000015565 5.5927401703155972 -0.76217283263842428 1.7073699385381724  0.99999999999929301 5.9540440740165597 -0.77414884505757309 1.9171324961789211  1.0000000000001339 6.7071696424045868 -0.81533815176161228 1.9701884092588351  0.99999999999989275 7.4413215702876192 -0.7742249392569428 1.8508166202220733  1.0000000000000786 7.7958600285493809 -0.79436588255552887 1.7461877273133377  0.99999999999979083 8.1418957445838167 -0.61232289209720947 1.7005374636237083  1.0000000000003286 8.4966894537222686 -0.65397587412619729 1.5988706947616957  0.99999999999966294 8.8506929736040796 -0.42011351078841724 1.5781424490668685  1.0000000000002163 9.1874469819032907 -0.25442272654603826 1.5715196409154177  0.99999999999992562 9.5053405902145371 0 1.6184270664468106  1 

0 2
1 2

0 9
0.51275203616559539 6
1 9

9 1 1 0 0 2 10 3 20 2 3 4.3574047350340486 0 1.5645845498593896  0.99999999999999956 4.5661151843505063 0.14023402491159759 1.5671976063082218  1.0000000000000346 4.7813942032612395 0.24483759046434986 1.5864824975555862  0.99999999999987899 5.0155871783135213 0.3202657976289835 1.6234564590078893  1.0000000000002538 5.2586938541852248 0.38685792375502537 1.6735164272148473  0.99999999999962086 5.4920335719269087 0.43482412154070449 1.7440010404802142  1.0000000000004223 5.7119450257495545 0.44308136013655147 1.7844267127437838  0.99999999999964906 5.9516550626673448 0.45752404971607452 1.8671326766014948  1.0000000000002118 6.2101174774264383 0.46333362231495967 1.9316311692044219  0.99999999999991407 6.4710779843453112 0.47092017747875264 1.9380826417230601  1.0000000000000169 6.955461483012046 0.4712119580187169 1.9151033331698599  0.9999999999999899 7.2057770831189458 0.46393783487796403 1.8865724554927208  1.0000000000000309 7.4249168606565652 0.46108630241305454 1.8358103214562234  0.99999999999993383 7.6381799141021167 0.44686714856529242 1.7976462307056758  1.0000000000001015 7.8684524659482529 0.40732108749312529 1.7438497298677151  0.99999999999989975 8.0990355254791879 0.35691754692474364 1.6971434245659693  1.0000000000000626 8.3179386661678372 0.30578903611211189 1.6567302176878118  0.99999999999997713 8.5279807000158865 0.22911908892298369 1.6249082543142057  1.0000000000000027 8.7373139654954954 0.12614566611386252 1.6036755111059824  1.0000000000000007 8.9406779936826837 0 1.5946742778145588  1 
4.1909199982015197 0.27523390890231175 1.5625001596592965  0.7093054934159172 4.4283722754604495 0.41866080629959057 1.5536320341084162  0.72253147038112009 4.6788952048362393 0.53515462542015868 1.567346278260644  0.72855008430178525 4.941742302025526 0.6177598942236352 1.6054202040031291  0.72534615359505261 5.1767919009298495 0.68125712324839871 1.6575948703503847  0.72769600808930568 5.4680528898729026 0.74901939827619057 1.7284692245169944  0.72444123785095305 5.6834436823774972 0.76461248260853343 1.7845750638481155  0.70509086085066719 5.943669731376831 0.77611095636447369 1.8621193005923855  0.71381006429634153 6.1990245854045245 0.78560718471864821 1.9304673213208985  0.70808448776339028 6.4603635546983327 0.79506565297666154 1.938621167875902  0.70662057637427689 6.9660492934780365 0.79448268765692021 1.9145727091675238  0.70754436762989215 7.2078365222764758 0.78544052992889357 1.8849433856855127  0.70928279188395815 7.4529783393773243 0.78428542695788384 1.8345013718074776  0.70719703688822821 7.671211858862252 0.76083463495298487 1.7872097861808702  0.7188223028489209 7.936539964205414 0.70933127094673765 1.7309635374742005  0.72286822785676352 8.1562826415353626 0.66297229943001013 1.6853988788880694  0.71928853915650104 8.4003118794580782 0.6049488591378156 1.6397247203950926  0.72640409281492246 8.6404099015193996 0.51482951591014947 1.6070396411929428  0.72692508213715201 8.8741614923111953 0.40382661950612297 1.5893523099125475  0.72311448992783489 9.098872129010747 0.27416183112199294 1.5876723398114794  0.71488175127978149 
4.1796675128845209 0.26833505791930801 1.2410954236648599  0.99999999999999956 4.4419832195102531 0.4287162156181637 1.2431214943458726  1.0000000000000346 4.7139943026675324 0.55223667649087094 1.2641405174053821  0.99999999999987899 4.9945252393902102 0.63216977735470192 1.3001034097871433  1.0000000000002538 5.2476015423331699 0.69838489548915639 1.3660843872700965  0.99999999999962086 5.5228331279185294 0.76262187683725724 1.4187115644742951  1.0000000000004223 5.7701635003778007 0.76425044844327938 1.4737296637366983  0.99999999999964906 6.0329812104428733 0.78161789305403984 1.5611867552447329  1.0000000000002118 6.2676970904932716 0.78668917524938631 1.6049795964354818  0.99999999999991407 6.4682342346644512 0.79461778457712628 1.6137498158816459  1.0000000000000169 6.9291718064274734 0.79488561030515448 1.5926763237451549  0.9999999999999899 7.1487434542738377 0.78742041074991087 1.5671708756419358  1.0000000000000309 7.3830811449665381 0.78448754791424657 1.5198559710308464  0.99999999999993383 7.6220877199178867 0.77112123944197053 1.4769658712731062  1.0000000000001015 7.8687849322525043 0.72225084488378255 1.4296862810220794  0.99999999999989975 8.1029094516503939 0.67354309099380183 1.3773296735136982  1.0000000000000626 8.3555185438146236 0.62016016255203754 1.3365497601417478  0.99999999999997713 8.6070819550437747 0.53004324203832442 1.3027424589654528  1.0000000000000027 8.8556150590937435 0.41449836509771881 1.2802321408934123  1.0000000000000007 9.0987366800623892 0.27423859460799727 1.271066753958819  1 

0 3
5.2015250415121352 3

0.45357145571501772 11
3.13680328155775 9
5.6550964972271531 11

9 1 1 0 0 2 5 3 6 2 2 4.0296372245825758 -0.22691068005003642 1.5604808980791001  0.99999999999999989 4.0997984075765199 -0.17500865677813598 1.561359316635911  1.0000000000000007 4.1652982210451581 -0.12565375484225305 1.5621793748100083  0.99999999999999911 4.2298797627480829 -0.08030602447813566 1.5629879362144559  1.0000000000000002 4.2935808815070224 -0.038542485159162282 1.5637854747167972  1 4.3574047350340486 0 1.5645845498593896  1 
3.8368176712236117 0.029654734180349314 1.5580667957712593  0.71009736120939648 3.9066247603150406 0.082495644991079808 1.5589407810696567  0.70904124785074485 3.9766135228349997 0.1350084124651057 1.5598170409207923  0.70925074216050532 4.047606728892104 0.1850858144032656 1.5607058764128257  0.70920764652512969 4.1189915020050156 0.23178622622037698 1.5615996143274433  0.70930742067958241 4.1909199982015179 0.27523390890231164 1.5625001596592969  0.70930549341591764 
3.7968003229528451 0 1.241001773410259  0.99999999999999989 3.8737050765293932 0.056990033649576499 1.2395954688930095  1.0000000000000007 3.9487915438274062 0.11470110416407656 1.2398522954959244  0.99999999999999911 4.0248967637229898 0.16939365583431415 1.240001444420479  1.0000000000000002 4.10179776211102 0.22072509609344126 1.2404939742853744  1 4.1796675128845218 0.26833505791930867 1.2410954236648604  1 

0 3
0.39826550272882599 3

0.055305952986191759 6
0.45357145571501772 6

9 1 1 0 0 8 1 21 2 4 2 3.7968003229528451 0 1.6184270664468106  1.000000000000004 3.7968003229528451 0 -4.1332548850192552e-07  0.99999999999999334 
4.1221198414909876 0.24210997695657249 1.5465420743109872  0.99999999999943823 4.1288320482675411 0.24265472499527313 -4.1332548850119935e-07  1.0000000000013538 
4.484841294173739 0.54303797976914381 1.5339498529997184  1.0000000000014651 4.4677038701785579 0.54066766777341124 -4.1332548850385061e-07  0.99999999999644085 
4.8531667259548747 0.54619006783936641 1.5490949110845422  0.99999999999805866 4.8549845835756864 0.53616402858606171 -4.1332548849925186e-07  1.0000000000047913 
5.2341152502890136 0.75629343491971757 1.7050404593069741  1.0000000000015425 5.2078577545469473 0.76055536154708614 -4.1332548850418048e-07  0.99999999999614841 
5.5903857920563302 0.76213778265945153 1.7073573164465745  0.99999999999931188 5.5958976623641998 0.76260436995363623 -4.1332548850079865e-07  1.0000000000017217 
5.9511822838589072 0.77405416097321211 1.9154763812729654  1.0000000000001312 5.968240515485264 0.77453689320314345 -4.1332548850219546e-07  0.99999999999969935 
6.3371525406915019 0.79510169279294518 1.9441167801574051  1.0000000000000155 6.3455581384150355 0.79533988787992149 -4.1332548850192568e-07  0.99999999999994738 
6.7183694970245273 0.79475365261533226 1.9263501934873362  1.0000000000000029 6.7223839179281253 0.79474858477591026 -4.1332548850192102e-07  0.99999999999999378 
6.7188727626844331 0.7947531557805646 1.92632665786755  1.0000000000000029 6.722881393958545 0.79474776702630134 -4.1332548850192102e-07  0.99999999999999378 
6.7193760199239589 0.79475262151538251 1.9263030419836196  1.0000000000000029 6.7233788691473935 0.79474691231376149 -4.1332548850192102e-07  0.99999999999999378 
6.7198792686748732 0.79475204974925917 1.9262793461464873  1.0000000000000029 6.7238763435024227 0.79474602079882328 -4.1332548850192102e-07  0.99999999999999378 
6.7203825088687958 0.79475144041156687 1.9262555706686888  1.0000000000000029 6.7243738170313376 0.79474509264087623 -4.1332548850192102e-07  0.99999999999999378 
7.083110573476965 0.79428509884251053 1.9090610869569506  0.9999999999999919 7.0829509111393634 0.79404978057567666 -4.1332548850191827e-07  1.0000000000000369 
7.4413215702876192 0.7742249392569428 1.8508166202220733  1.0000000000000826 7.4411067321499029 0.77448047839487222 -4.1332548850214247e-07  0.99999999999990152 
7.7958600285493809 0.79436588255552887 1.7461877273133377  0.99999999999979472 7.8011842195054699 0.79471159468855435 -4.1332548850110909e-07  1.0000000000000469 
8.1418957445838167 0.61232289209720947 1.7005374636237083  1.0000000000003326 8.1539735757403431 0.60925269021433792 -4.1332548850345357e-07  1.0000000000000657 
8.4966894537222686 0.65397587412619729 1.5988706947616957  0.99999999999966682 8.5092209875331548 0.65233042373290162 -4.1332548850022505e-07  0.99999999999982148 
8.8506929736040796 0.42011351078841724 1.5781424490668685  1.0000000000002203 8.8587644378511854 0.41202773236228657 -4.133254885030742e-07  1.000000000000143 
9.1874469819032907 0.25442272654603826 1.5715196409154177  0.9999999999999295 9.1882478631546327 0.25458689192834821 -4.1332548850152011e-07  0.99999999999993083 
9.5053405902145371 0 1.6184270664468106  1.000000000000004 9.5053405902145371 0 -4.1332548850192552e-07  0.99999999999999334 

0 9
0.51207511251300564 6
0.51275203616559539 6
1 9

0 2
1 2

9 1 1 0 0 2 5 3 6 2 2 8.9406779936826837 0 1.5946742778145588  1 9.0112315301792592 -0.040349355127023409 1.5915514598452167  1.0000000000000033 9.0813998178314037 -0.083357850360028615 1.5884456936364775  0.999999999999994 9.1511026082732201 -0.12905454800312172 1.5853605311157368  1.0000000000000038 9.2195789189652633 -0.17691058121673897 1.5823296546477121  0.999999999999999 9.2855627494153676 -0.22797462421292888 1.5794090995395269  1 
9.0988721290107506 0.27416183112199177 1.5876723398114794  0.71488175127978137 9.1760697233499471 0.22961648742284052 1.5842554446880985  0.71522089553642876 9.2526653983818683 0.18229743346277605 1.580865191523749  0.71552651434704739 9.3286562881524304 0.13210443838817018 1.5775017071703681  0.71580440132282697 9.4042238004763892 0.079069318880919837 1.5741569622135356  0.71609226631344358 9.4794907306110758 0.020703282078009422 1.5708255215290108  0.71613458145083919 
9.0987366800623857 0.27423859460799899 1.2710667539588185  1 9.1813487842113659 0.22657868381338675 1.2679523789518168  1.0000000000000033 9.2632761038972031 0.17572620071855943 1.264988182189521  0.999999999999994 9.3444765309394828 0.12159359529827285 1.2621897186969999  1.0000000000000038 9.4252975981457947 0.064106833405990687 1.2596167816224746  0.999999999999999 9.5053405902145371 -4.5519144009631347e-15 1.2570969770052012  1 

0 3
0.42785479255532177 3

5.6550964972271531 6
6.0829512897824749 6

9 1 1 0 0 2 5 3 6 2 2 4.0296372245825758 0.22691068005003642 1.5604808980791001  0.99999999999999989 4.0997984075765199 0.17500865677813598 1.561359316635911  1.0000000000000007 4.1652982210451581 0.12565375484225305 1.5621793748100083  0.99999999999999911 4.2298797627480829 0.08030602447813566 1.5629879362144559  1.0000000000000002 4.2935808815070224 0.038542485159162282 1.5637854747167972  1 4.3574047350340486 0 1.5645845498593896  1 
3.8368176712236117 -0.029654734180349314 1.5580667957712593  0.71009736120939648 3.9066247603150406 -0.082495644991079808 1.5589407810696567  0.70904124785074485 3.9766135228349997 -0.1350084124651057 1.5598170409207923  0.70925074216050532 4.047606728892104 -0.1850858144032656 1.5607058764128257  0.70920764652512969 4.1189915020050156 -0.23178622622037698 1.5615996143274433  0.70930742067958241 4.1909199982015179 -0.27523390890231164 1.5625001596592969  0.70930549341591764 
3.7968003229528451 0 1.241001773410259  0.99999999999999989 3.8737050765293932 -0.056990033649576499 1.2395954688930095  1.0000000000000007 3.9487915438274062 -0.11470110416407656 1.2398522954959244  0.99999999999999911 4.0248967637229898 -0.16939365583431415 1.240001444420479  1.0000000000000002 4.10179776211102 -0.22072509609344126 1.2404939742853744  1 4.1796675128845218 -0.26833505791930867 1.2410954236648604  1 

0 3
0.39826550272882599 3

0.055305952986191759 6
0.45357145571501772 6

9 1 1 0 0 8 1 21 2 4 2 3.7968003229528451 0 1.6184270664468106  1.000000000000004 3.7968003229528451 0 -4.1332548850192552e-07  0.99999999999999334 
4.1221198414909876 -0.24210997695657249 1.5465420743109872  0.99999999999943823 4.1288320482675411 -0.24265472499527313 -4.1332548850119935e-07  1.0000000000013538 
4.484841294173739 -0.54303797976914381 1.5339498529997184  1.0000000000014651 4.4677038701785579 -0.54066766777341124 -4.1332548850385061e-07  0.99999999999644085 
4.8531667259548747 -0.54619006783936641 1.5490949110845422  0.99999999999805866 4.8549845835756864 -0.53616402858606171 -4.1332548849925186e-07  1.0000000000047913 
5.2341152502890136 -0.75629343491971757 1.7050404593069741  1.0000000000015425 5.2078577545469473 -0.76055536154708614 -4.1332548850418048e-07  0.99999999999614841 
5.5903857920563302 -0.76213778265945153 1.7073573164465745  0.99999999999931188 5.5958976623641998 -0.76260436995363623 -4.1332548850079865e-07  1.0000000000017217 
5.9511822838589072 -0.77405416097321211 1.9154763812729654  1.0000000000001312 5.968240515485264 -0.77453689320314345 -4.1332548850219546e-07  0.99999999999969935 
6.3371525406915019 -0.79510169279294518 1.9441167801574051  1.0000000000000155 6.3455581384150355 -0.79533988787992149 -4.1332548850192568e-07  0.99999999999994738 
6.7183694970245273 -0.79475365261533226 1.9263501934873362  1.0000000000000029 6.7223839179281253 -0.79474858477591026 -4.1332548850192102e-07  0.99999999999999378 
6.7188727626844331 -0.7947531557805646 1.92632665786755  1.0000000000000029 6.722881393958545 -0.79474776702630134 -4.1332548850192102e-07  0.99999999999999378 
6.7193760199239589 -0.79475262151538251 1.9263030419836196  1.0000000000000029 6.7233788691473935 -0.79474691231376149 -4.1332548850192102e-07  0.99999999999999378 
6.7198792686748732 -0.79475204974925917 1.9262793461464873  1.0000000000000029 6.7238763435024227 -0.79474602079882328 -4.1332548850192102e-07  0.99999999999999378 
6.7203825088687958 -0.79475144041156687 1.9262555706686888  1.0000000000000029 6.7243738170313376 -0.79474509264087623 -4.1332548850192102e-07  0.99999999999999378 
7.083110573476965 -0.79428509884251053 1.9090610869569506  0.9999999999999919 7.0829509111393634 -0.79404978057567666 -4.1332548850191827e-07  1.0000000000000369 
7.4413215702876192 -0.7742249392569428 1.8508166202220733  1.0000000000000826 7.4411067321499029 -0.77448047839487222 -4.1332548850214247e-07  0.99999999999990152 
7.7958600285493809 -0.79436588255552887 1.7461877273133377  0.99999999999979472 7.8011842195054699 -0.79471159468855435 -4.1332548850110909e-07  1.0000000000000469 
8.1418957445838167 -0.61232289209720947 1.7005374636237083  1.0000000000003326 8.1539735757403431 -0.60925269021433792 -4.1332548850345357e-07  1.0000000000000657 
8.4966894537222686 -0.65397587412619729 1.5988706947616957  0.99999999999966682 8.5092209875331548 -0.65233042373290162 -4.1332548850022505e-07  0.99999999999982148 
8.8506929736040796 -0.42011351078841724 1.5781424490668685  1.0000000000002203 8.8587644378511854 -0.41202773236228657 -4.133254885030742e-07  1.000000000000143 
9.1874469819032907 -0.25442272654603826 1.5715196409154177  0.9999999999999295 9.1882478631546327 -0.25458689192834821 -4.1332548850152011e-07  0.99999999999993083 
9.5053405902145371 0 1.6184270664468106  1.000000000000004 9.5053405902145371 0 -4.1332548850192552e-07  0.99999999999999334 

0 9
0.51207511251300564 6
0.51275203616559539 6
1 9

0 2
1 2

9 1 0 0 0 1 8 2 15 2 3 3.7968003229528451 0 -4.1332548850192552e-07  1 4.1288320482675411 0 -4.1332548850119935e-07  1.0000000000013605 4.4677038701785579 0 -4.1332548850385061e-07  0.99999999999644751 4.8549845835756864 0 -4.1332548849925186e-07  1.0000000000047979 5.2078577545469473 0 -4.1332548850418048e-07  0.99999999999615508 5.5958976623641998 0 -4.1332548850079865e-07  1.0000000000017284 5.968240515485264 0 -4.1332548850219546e-07  0.99999999999970601 6.7041081402172837 0 -4.1332548850166935e-07  1.0000000000001896 7.4381050307949614 0 -4.1332548850215125e-07  0.99999999999990685 7.7987336519019372 0 -4.1332548850109267e-07  1.0000000000000535 8.1519993579213654 0 -4.1332548850347141e-07  1.0000000000000742 8.5077640306126199 0 -4.1332548850021303e-07  0.99999999999982681 8.8578489247383168 0 -4.1332548850307854e-07  1.0000000000001501 9.187807332700034 0 -4.1332548850151958e-07  0.99999999999993738 9.5053405902145371 0 -4.1332548850192552e-07  1 
3.7968003229528451 0 -4.1332548850192552e-07  1 4.1288320482675411 0.24265472499527313 -4.1332548850119935e-07  1.0000000000013605 4.4677038701785579 0.54066766777341124 -4.1332548850385061e-07  0.99999999999644751 4.8549845835756864 0.53616402858606171 -4.1332548849925186e-07  1.0000000000047979 5.2078577545469473 0.76055536154708614 -4.1332548850418048e-07  0.99999999999615508 5.5958976623641998 0.76260436995363623 -4.1332548850079865e-07  1.0000000000017284 5.968240515485264 0.77453689320314345 -4.1332548850219546e-07  0.99999999999970601 6.7041081402172837 0.81510815028159378 -4.1332548850166935e-07  1.0000000000001896 7.4381050307949614 0.7743058599650503 -4.1332548850215125e-07  0.99999999999990685 7.7987336519019372 0.79600429076835233 -4.1332548850109267e-07  1.0000000000000535 8.1519993579213654 0.60901001650822872 -4.1332548850347141e-07  1.0000000000000742 8.5077640306126199 0.65333244688536285 -4.1332548850021303e-07  0.99999999999982681 8.8578489247383168 0.41246500355415555 -4.1332548850307854e-07  1.0000000000001501 9.187807332700034 0.25494058430179484 -4.1332548850151958e-07  0.99999999999993738 9.5053405902145371 0 -4.1332548850192552e-07  1 

0 2
1 2

0 9
0.51207511251300564 6
1 9

9 1 1 0 0 2 5 3 6 2 2 8.9406779936826837 0 1.5946742778145588  1 9.0112315301792592 0.040349355127023409 1.5915514598452167  1.0000000000000033 9.0813998178314037 0.083357850360028615 1.5884456936364775  0.999999999999994 9.1511026082732201 0.12905454800312172 1.5853605311157368  1.0000000000000038 9.2195789189652633 0.17691058121673897 1.5823296546477121  0.999999999999999 9.2855627494153676 0.22797462421292888 1.5794090995395269  1 
9.0988721290107506 -0.27416183112199177 1.5876723398114794  0.71488175127978137 9.1760697233499471 -0.22961648742284052 1.5842554446880985  0.71522089553642876 9.2526653983818683 -0.18229743346277605 1.580865191523749  0.71552651434704739 9.3286562881524304 -0.13210443838817018 1.5775017071703681  0.71580440132282697 9.4042238004763892 -0.079069318880919837 1.5741569622135356  0.71609226631344358 9.4794907306110758 -0.020703282078009422 1.5708255215290108  0.71613458145083919 
9.0987366800623857 -0.27423859460799899 1.2710667539588185  1 9.1813487842113659 -0.22657868381338675 1.2679523789518168  1.0000000000000033 9.2632761038972031 -0.17572620071855943 1.264988182189521  0.999999999999994 9.3444765309394828 -0.12159359529827285 1.2621897186969999  1.0000000000000038 9.4252975981457947 -0.064106833405990687 1.2596167816224746  0.999999999999999 9.5053405902145371 4.5519144009631347e-15 1.2570969770052012  1 

0 3
0.42785479255532177 3

5.6550964972271531 6
6.0829512897824749 6

9 1 0 0 0 1 8 2 15 2 3 3.7968003229528451 0 -4.1332548850192552e-07  1 4.1288320482675411 0 -4.1332548850119935e-07  1.0000000000013605 4.4677038701785579 0 -4.1332548850385061e-07  0.99999999999644751 4.8549845835756864 0 -4.1332548849925186e-07  1.0000000000047979 5.2078577545469473 0 -4.1332548850418048e-07  0.99999999999615508 5.5958976623641998 0 -4.1332548850079865e-07  1.0000000000017284 5.968240515485264 0 -4.1332548850219546e-07  0.99999999999970601 6.7041081402172837 0 -4.1332548850166935e-07  1.0000000000001896 7.4381050307949614 0 -4.1332548850215125e-07  0.99999999999990685 7.7987336519019372 0 -4.1332548850109267e-07  1.0000000000000535 8.1519993579213654 0 -4.1332548850347141e-07  1.0000000000000742 8.5077640306126199 0 -4.1332548850021303e-07  0.99999999999982681 8.8578489247383168 0 -4.1332548850307854e-07  1.0000000000001501 9.187807332700034 0 -4.1332548850151958e-07  0.99999999999993738 9.5053405902145371 0 -4.1332548850192552e-07  1 
3.7968003229528451 0 -4.1332548850192552e-07  1 4.1288320482675411 -0.24265472499527313 -4.1332548850119935e-07  1.0000000000013605 4.4677038701785579 -0.54066766777341124 -4.1332548850385061e-07  0.99999999999644751 4.8549845835756864 -0.53616402858606171 -4.1332548849925186e-07  1.0000000000047979 5.2078577545469473 -0.76055536154708614 -4.1332548850418048e-07  0.99999999999615508 5.5958976623641998 -0.76260436995363623 -4.1332548850079865e-07  1.0000000000017284 5.968240515485264 -0.77453689320314345 -4.1332548850219546e-07  0.99999999999970601 6.7041081402172837 -0.81510815028159378 -4.1332548850166935e-07  1.0000000000001896 7.4381050307949614 -0.7743058599650503 -4.1332548850215125e-07  0.99999999999990685 7.7987336519019372 -0.79600429076835233 -4.1332548850109267e-07  1.0000000000000535 8.1519993579213654 -0.60901001650822872 -4.1332548850347141e-07  1.0000000000000742 8.5077640306126199 -0.65333244688536285 -4.1332548850021303e-07  0.99999999999982681 8.8578489247383168 -0.41246500355415555 -4.1332548850307854e-07  1.0000000000001501 9.187807332700034 -0.25494058430179484 -4.1332548850151958e-07  0.99999999999993738 9.5053405902145371 0 -4.1332548850192552e-07  1 

0 2
1 2

0 9
0.51207511251300564 6
1 9

9 1 1 0 0 2 10 3 20 2 3 4.3574047350340486 0 1.5645845498593896  0.99999999999999956 4.5661151843505063 -0.14023402491159759 1.5671976063082218  1.0000000000000346 4.7813942032612395 -0.24483759046434986 1.5864824975555862  0.99999999999987899 5.0155871783135213 -0.3202657976289835 1.6234564590078893  1.0000000000002538 5.2586938541852248 -0.38685792375502537 1.6735164272148473  0.99999999999962086 5.4920335719269087 -0.43482412154070449 1.7440010404802142  1.0000000000004223 5.7119450257495545 -0.44308136013655147 1.7844267127437838  0.99999999999964906 5.9516550626673448 -0.45752404971607452 1.8671326766014948  1.0000000000002118 6.2101174774264383 -0.46333362231495967 1.9316311692044219  0.99999999999991407 6.4710779843453112 -0.47092017747875264 1.9380826417230601  1.0000000000000169 6.955461483012046 -0.4712119580187169 1.9151033331698599  0.9999999999999899 7.2057770831189458 -0.46393783487796403 1.8865724554927208  1.0000000000000309 7.4249168606565652 -0.46108630241305454 1.8358103214562234  0.99999999999993383 7.6381799141021167 -0.44686714856529242 1.7976462307056758  1.0000000000001015 7.8684524659482529 -0.40732108749312529 1.7438497298677151  0.99999999999989975 8.0990355254791879 -0.35691754692474364 1.6971434245659693  1.0000000000000626 8.3179386661678372 -0.30578903611211189 1.6567302176878118  0.99999999999997713 8.5279807000158865 -0.22911908892298369 1.6249082543142057  1.0000000000000027 8.7373139654954954 -0.12614566611386252 1.6036755111059824  1.0000000000000007 8.9406779936826837 0 1.5946742778145588  1 
4.1909199982015197 -0.27523390890231175 1.5625001596592965  0.7093054934159172 4.4283722754604495 -0.41866080629959057 1.5536320341084162  0.72253147038112009 4.6788952048362393 -0.53515462542015868 1.567346278260644  0.72855008430178525 4.941742302025526 -0.6177598942236352 1.6054202040031291  0.72534615359505261 5.1767919009298495 -0.68125712324839871 1.6575948703503847  0.72769600808930568 5.4680528898729026 -0.74901939827619057 1.7284692245169944  0.72444123785095305 5.6834436823774972 -0.76461248260853343 1.7845750638481155  0.70509086085066719 5.943669731376831 -0.77611095636447369 1.8621193005923855  0.71381006429634153 6.1990245854045245 -0.78560718471864821 1.9304673213208985  0.70808448776339028 6.4603635546983327 -0.79506565297666154 1.938621167875902  0.70662057637427689 6.9660492934780365 -0.79448268765692021 1.9145727091675238  0.70754436762989215 7.2078365222764758 -0.78544052992889357 1.8849433856855127  0.70928279188395815 7.4529783393773243 -0.78428542695788384 1.8345013718074776  0.70719703688822821 7.671211858862252 -0.76083463495298487 1.7872097861808702  0.7188223028489209 7.936539964205414 -0.70933127094673765 1.7309635374742005  0.72286822785676352 8.1562826415353626 -0.66297229943001013 1.6853988788880694  0.71928853915650104 8.4003118794580782 -0.6049488591378156 1.6397247203950926  0.72640409281492246 8.6404099015193996 -0.51482951591014947 1.6070396411929428  0.72692508213715201 8.8741614923111953 -0.40382661950612297 1.5893523099125475  0.72311448992783489 9.098872129010747 -0.27416183112199294 1.5876723398114794  0.71488175127978149 
4.1796675128845209 -0.26833505791930801 1.2410954236648599  0.99999999999999956 4.4419832195102531 -0.4287162156181637 1.2431214943458726  1.0000000000000346 4.7139943026675324 -0.55223667649087094 1.2641405174053821  0.99999999999987899 4.9945252393902102 -0.63216977735470192 1.3001034097871433  1.0000000000002538 5.2476015423331699 -0.69838489548915639 1.3660843872700965  0.99999999999962086 5.5228331279185294 -0.76262187683725724 1.4187115644742951  1.0000000000004223 5.7701635003778007 -0.76425044844327938 1.4737296637366983  0.99999999999964906 6.0329812104428733 -0.78161789305403984 1.5611867552447329  1.0000000000002118 6.2676970904932716 -0.78668917524938631 1.6049795964354818  0.99999999999991407 6.4682342346644512 -0.79461778457712628 1.6137498158816459  1.0000000000000169 6.9291718064274734 -0.79488561030515448 1.5926763237451549  0.9999999999999899 7.1487434542738377 -0.78742041074991087 1.5671708756419358  1.0000000000000309 7.3830811449665381 -0.78448754791424657 1.5198559710308464  0.99999999999993383 7.6220877199178867 -0.77112123944197053 1.4769658712731062  1.0000000000001015 7.8687849322525043 -0.72225084488378255 1.4296862810220794  0.99999999999989975 8.1029094516503939 -0.67354309099380183 1.3773296735136982  1.0000000000000626 8.3555185438146236 -0.62016016255203754 1.3365497601417478  0.99999999999997713 8.6070819550437747 -0.53004324203832442 1.3027424589654528  1.0000000000000027 8.8556150590937435 -0.41449836509771881 1.2802321408934123  1.0000000000000007 9.0987366800623892 -0.27423859460799727 1.271066753958819  1 

0 3
5.2015250415121352 3

0.45357145571501772 11
3.13680328155775 9
5.6550964972271531 11

Triangulations 0

TShapes 61
Ve
0.000110320975313929
4.35740473503405 0 1.56458454985939
0 0

0101101
*
Ve
0.000110320975313929
8.94067799368268 0 1.59467427781456
0 0

0101101
*
Ed
 1e-07 1 1 0
1  1 0 0.104072178655574 0.895947449027986
2  1 1 0 0.104072178655574 0.895947449027986
2  2 2 0 0.104072178655574 0.895947449027986
0

0101000
+61 0 -60 0 *
Ed
 3.00641396856797e-05 1 1 0
1  2 0 0.453571455715018 5.65509649722715
2  3 3 0 0.453571455715018 5.65509649722715
2  4 1 0 0.453571455715018 5.65509649722715
4 G1 3 0 1 0
0

0101000
+61 0 -60 0 *
Wi

0101100
-59 0 +58 0 *
Fa
0  1e-07 1 0

0111000
+57 0 *
Ve
6.57381969573513e-05
4.17966751288452 0.268335057919309 1.24109542366486
0 0

0101101
*
Ed
 7.87288905823017e-06 1 1 0
1  3 0 0 0.398265502728826
2  5 3 0 0 0.398265502728826
2  6 4 0 0 0.398265502728826
4 G1 4 0 3 0
0

0101000
+61 0 -55 0 *
Ve
6.57381969573513e-05
9.09873668006239 0.274238594607997 1.27106675395882
0 0

0101101
*
Ed
 2.60051512564563e-05 1 1 0
1  4 0 0.453571455715018 5.65509649722715
2  7 3 0 0.453571455715018 5.65509649722715
2  8 5 0 0.453571455715018 5.65509649722715
4 G1 3 0 5 0
0

0101000
+55 0 -53 0 *
Ed
 1.9137236217937e-06 1 1 0
1  5 0 0 5.20152504151214
2  9 3 0 0 5.20152504151214
2  10 6 0 0 5.20152504151214
4 G1 3 0 6 0
0

0101000
+60 0 -53 0 *
Wi

0101100
+54 0 -58 0 +52 0 -51 0 *
Fa
0  2.60051512564563e-05 3 0

0111000
+50 0 *
Ve
2.73713484073666e-05
3.79680032295285 0 1.24100177341026
0 0

0101101
*
Ed
 1.54397867991906e-05 1 1 0
1  6 0 0 1
2  11 4 0 0 1
2  12 7 0 0 1
0

0101000
+61 0 -48 0 *
Ed
 8.18774057251148e-06 1 1 0
1  7 0 0.0553059529861918 0.453571455715018
2  13 4 0 0.0553059529861918 0.453571455715018
2  14 5 0 0.0553059529861918 0.453571455715018
4 G1 4 0 5 0
0

0101000
+48 0 -55 0 *
Wi

0101100
+47 0 -54 0 +46 0 *
Fa
0  7.87288905823017e-06 4 0

0111000
+45 0 *
Ve
5.84120373993113e-06
9.50534059021454 0 1.2570969770052
0 0

0101101
*
Ve
1e-07
9.50534059021454 0 -4.13325488501926e-07
0 0

0101101
*
Ed
 1e-07 1 1 0
1  8 0 0.223259981653579 1
2  15 5 0 0.223259981653579 1
2  16 8 0 0.223259981653579 1
0

0101000
+43 0 -42 0 *
Ed
 1.9137236217937e-06 1 1 0
1  9 0 5.65509649722715 6.08295128978247
2  17 6 0 5.65509649722715 6.08295128978247
2  18 5 0 5.65509649722715 6.08295128978247
4 G1 6 0 5 0
0

0101000
+53 0 -43 0 *
Ve
1e-07
3.79680032295285 0 -4.13325488501926e-07
0 0

0101101
*
Ed
 1e-07 1 1 0
1  10 0 0 1
2  19 9 0 0 1
2  20 5 0 0 1
0

0101000
+39 0 -42 0 *
Ed
 1e-07 1 1 0
1  11 0 0.233204946007006 1
2  21 5 0 0.233204946007006 1
2  22 8 0 0.233204946007006 1
0

0101000
+48 0 -39 0 *
Wi

0101100
+41 0 +40 0 -38 0 +52 0 -37 0 +46 0 *
Fa
0  1e-07 5 0

0111000
+36 0 *
Ed
 1.00436653868061e-07 1 1 0
1  12 0 0 1
2  23 6 0 0 1
2  24 10 0 0 1
0

0101000
+60 0 -43 0 *
Wi

0101100
+51 0 -34 0 +40 0 *
Fa
0  1.9137236217937e-06 6 0

0111000
+33 0 *
Ed
 1e-07 0 0 1
2  25 9 0 0 1
0

0101000
+39 0 -39 0 *
Ed
 1e-07 0 0 1
2  26 9 0 0 1
0

0101000
+42 0 -42 0 *
Ed
 1e-07 1 1 0
1  13 0 0 1
2  27 9 0 0 1
2  28 11 0 0 1
0

0101000
+39 0 -42 0 *
Wi

0101100
+31 0 +38 0 -30 0 -29 0 *
Fa
0  1e-07 9 0

0111000
+28 0 *
Ed
 3.00641396856797e-05 1 1 0
1  14 0 0.453571455715018 5.65509649722715
2  4 2 0 0.453571455715018 5.65509649722715
2  3 12 0 0.453571455715018 5.65509649722715
4 G1 2 0 12 0
0

0101000
+61 0 -60 0 *
Wi

0101100
-59 0 +26 0 *
Fa
0  1e-07 2 0

0111000
+25 0 *
Ve
6.57381969573513e-05
4.17966751288452 -0.268335057919309 1.24109542366486
0 0

0101101
*
Ed
 7.87288905823017e-06 1 1 0
1  15 0 0 0.398265502728826
2  29 12 0 0 0.398265502728826
2  30 7 0 0 0.398265502728826
4 G1 12 0 7 0
0

0101000
+61 0 -23 0 *
Ve
6.57381969573513e-05
9.09873668006239 -0.274238594607997 1.27106675395882
0 0

0101101
*
Ed
 2.60051512564563e-05 1 1 0
1  16 0 0.453571455715018 5.65509649722715
2  7 12 0 0.453571455715018 5.65509649722715
2  8 8 0 0.453571455715018 5.65509649722715
4 G1 12 0 8 0
0

0101000
+23 0 -21 0 *
Ed
 1.9137236217937e-06 1 1 0
1  17 0 0 5.20152504151214
2  31 12 0 0 5.20152504151214
2  32 10 0 0 5.20152504151214
4 G1 12 0 10 0
0

0101000
+60 0 -21 0 *
Wi

0101100
+22 0 -26 0 +20 0 -19 0 *
Fa
0  2.60051512564563e-05 12 0

0101000
+18 0 *
Ed
 8.18774057251148e-06 1 1 0
1  18 0 0.0553059529861918 0.453571455715018
2  13 7 0 0.0553059529861918 0.453571455715018
2  14 8 0 0.0553059529861918 0.453571455715018
4 G1 7 0 8 0
0

0101000
+48 0 -23 0 *
Wi

0101100
+47 0 -22 0 +16 0 *
Fa
0  7.87288905823017e-06 7 0

0101000
+15 0 *
Ed
 1.9137236217937e-06 1 1 0
1  19 0 5.65509649722715 6.08295128978247
2  18 8 0 5.65509649722715 6.08295128978247
2  17 10 0 5.65509649722715 6.08295128978247
4 G1 8 0 10 0
0

0101000
+21 0 -43 0 *
Ed
 1e-07 1 1 0
1  20 0 0 1
2  20 8 0 0 1
2  19 11 0 0 1
0

0101000
+39 0 -42 0 *
Wi

0101100
+41 0 +13 0 -12 0 +20 0 -37 0 +16 0 *
Fa
0  1e-07 8 0

0101000
+11 0 *
Wi

0101100
+19 0 -34 0 +13 0 *
Fa
0  1.9137236217937e-06 10 0

0101000
+9 0 *
Ed
 1e-07 0 0 1
2  25 11 0 0 1
0

0101000
+39 0 -39 0 *
Ed
 1e-07 0 0 1
2  26 11 0 0 1
0

0101000
+42 0 -42 0 *
Wi

0101100
+7 0 +12 0 -6 0 -29 0 *
Fa
0  1e-07 11 0

0101000
+5 0 *
Sh

0101000
+56 0 +49 0 +44 0 -35 0 +32 0 -27 0 -24 0 -17 0 -14 0 +10 0 
-8 0 +4 0 *
So

0100000
+3 0 *
Co

1100000
+2 0 *

+1 0 