Generated by GetData Graph Digitizer 2.26.0.20 on October 08 2015, 17:55
from file 'C:\Users\dario\Desktop\Cattura.JPG'

Line #3
 4.00906671346261e+000    1.04823491562107e+000
 4.20420578514814e+000    1.04637477698810e+000
 4.38401918633559e+000    1.04298207130531e+000
 4.60922464976163e+000    1.04107513673189e+000
 4.83443011318768e+000    1.03916820215846e+000
 5.17990114357579e+000    1.03707408382323e+000
 5.48027258635313e+000    1.03505015939867e+000
 5.70547804977918e+000    1.03314322482525e+000
 5.90090959609254e+000    1.03283905121231e+000
 6.21602176011231e+000    1.02923576379749e+000
 6.48661928577696e+000    1.02881460033342e+000
 6.86215670790559e+000    1.02667368605773e+000
 7.08765464595946e+000    1.02632271650434e+000
 7.35825217162411e+000    1.02590155304027e+000
 7.74882278962300e+000    1.02373724079436e+000
 8.10961949050920e+000    1.02317568950894e+000
 8.50048258313591e+000    1.02256734228306e+000
 8.89134567576263e+000    1.02195899505718e+000
 9.28220876838934e+000    1.02135064783130e+000
 9.71817144862683e+000    1.02067210669474e+000
 1.00038021701617e+001    1.02022754526045e+000
