Generated by GetData Graph Digitizer 2.26.0.20 on October 08 2015, 17:56
from file 'C:\Users\dario\Desktop\Cattura.JPG'

Line #4
 4.02059021379895e+000    1.02953993741043e+000
 4.17092217250154e+000    1.02930595770817e+000
 4.44122722353836e+000    1.02732882922406e+000
 4.78669825392647e+000    1.02523471088883e+000
 5.10210289257407e+000    1.02318738849405e+000
 5.43254072709192e+000    1.02111666812904e+000
 5.89827732444210e+000    1.01883536603200e+000
 6.36401392179228e+000    1.01655406393495e+000
 6.66438536456962e+000    1.01453013951040e+000
 7.08502237430903e+000    1.01231903132403e+000
 7.55105144628703e+000    1.01159369424702e+000
 7.95694773478401e+000    1.01096194905092e+000
 8.24257845631892e+000    1.01051738761662e+000
 8.70860752829692e+000    1.00979205053962e+000
 9.12953701266415e+000    1.00913690737329e+000
 9.67102453862127e+000    1.00985054546518e+000
 1.00017548477670e+001    1.00933579012021e+000
