0.15	0.56	
4537659.62986	9577000.69871	1.69405959515E7	3.57541359419E7	
0.0	
-5.0	0.0	6.0	10.0	12.0	

 	4537659.62986	9577000.69871	1.69405959515E7	3.57541359419E7
-5.0	-3.6246E-18	-6.3108E-18	-3.6246E-18	-6.3108E-18
0.0	-7.2461E-18	-5.4904E-18	-7.2461E-18	-5.4904E-18
6.0	4.174E-17	5.7971E-17	4.174E-17	5.7971E-17
10.0	-4.0251E-17	-6.1311E-17	-4.0251E-17	-6.1311E-17
12.0	-1.2903E-16	-1.3653E-16	-1.2903E-16	-1.3653E-16

 	4537659.62986	9577000.69871	1.69405959515E7	3.57541359419E7
-5.0	-7.1388E-18	-5.9103E-18	-7.1388E-18	-5.9103E-18
0.0	-1.0149E-17	-3.9753E-18	-1.0149E-17	-3.9753E-18
6.0	4.078E-17	4.3108E-17	4.078E-17	4.3108E-17
10.0	-1.0477E-16	-8.9768E-17	-1.0477E-16	-8.9768E-17
12.0	-1.5427E-16	-1.3304E-16	-1.5427E-16	-1.3304E-16
