0.15	0.56	
4537659.62986	9577000.69871	1.69405959515E7	3.57541359419E7	
0.0	
-5.0	0.0	6.0	10.0	12.0	

 	4537659.62986	9577000.69871	1.69405959515E7	3.57541359419E7
-5.0	3.7399E-18	6.1178E-18	3.7399E-18	6.1178E-18
0.0	1.4432E-17	7.9735E-18	1.4432E-17	7.9735E-18
6.0	-1.9151E-16	-2.0507E-16	-1.9151E-16	-2.0507E-16
10.0	2.3022E-17	2.0845E-17	2.3022E-17	2.0845E-17
12.0	4.9567E-17	1.1655E-17	4.9567E-17	1.1655E-17

 	4537659.62986	9577000.69871	1.69405959515E7	3.57541359419E7
-5.0	7.9697E-18	5.6239E-18	7.9697E-18	5.6239E-18
0.0	1.7775E-17	4.6058E-18	1.7775E-17	4.6058E-18
6.0	-1.9633E-16	-2.2372E-16	-1.9633E-16	-2.2372E-16
10.0	1.276E-17	1.3768E-17	1.276E-17	1.3768E-17
12.0	4.9985E-17	3.5422E-17	4.9985E-17	3.5422E-17
