0.15	0.56	
4537659.62986	9577000.69871	1.69405959515E7	3.57541359419E7	
0.0	
-5.0	0.0	6.0	10.0	12.0	

 	4537659.62986	9577000.69871	1.69405959515E7	3.57541359419E7
-5.0	0.155637	0.155423	0.155446	0.155185
0.0	-0.37146	-0.37057	-0.37146	-0.37057
6.0	-0.997203	-0.994999	-0.996974	-0.994714
10.0	-1.401905	-1.398863	-1.401524	-1.398391
12.0	-1.598779	-1.595278	-1.598323	-1.594711

 	4537659.62986	9577000.69871	1.69405959515E7	3.57541359419E7
-5.0	0.193945	0.184782	0.193753	0.184543
0.0	-0.46479	-0.44223	-0.46479	-0.44223
6.0	-1.247754	-1.187308	-1.247524	-1.187022
10.0	-1.755902	-1.670438	-1.755519	-1.669962
12.0	-2.003769	-1.90587	-2.003311	-1.9053
