Generated by GetData Graph Digitizer 2.26.0.20 on October 08 2015, 17:51
from file 'C:\Users\dario\Desktop\Cattura.JPG'

Line #1
 4.01901085080869e+000    1.10113772630224e+000
 4.18379105612588e+000    1.09776841858969e+000
 4.43818548740897e+000    1.09114679301571e+000
 4.88801146500541e+000    1.08422099382879e+000
 5.32309672135942e+000    1.07887455763213e+000
 5.72811558597292e+000    1.07357491737592e+000
 6.04322774999269e+000    1.06997162996110e+000
 6.52341259395747e+000    1.06455499985376e+000
 6.88362434558802e+000    1.06088151852827e+000
 7.24412857184639e+000    1.05876400222281e+000
 7.63469918984528e+000    1.05659968997689e+000
 7.99549589073148e+000    1.05603813869147e+000
 8.44590681758357e+000    1.05222426954462e+000
 8.77634465210143e+000    1.05015354917961e+000
 9.07700856950660e+000    1.04968558977509e+000
 9.40773887865228e+000    1.04917083443011e+000
 9.58813722909538e+000    1.04889005878740e+000
 9.79860197127899e+000    1.04856248720423e+000
 1.00090667134626e+001    1.04823491562107e+000
