Generated by GetData Graph Digitizer 2.26.0.20 on October 08 2015, 17:53
from file 'C:\Users\dario\Desktop\Cattura.JPG'

Line #2
 4.01345383288000e+000    1.07157439092159e+000
 4.28317393466117e+000    1.06648533239741e+000
 4.50808692345939e+000    1.06302243280395e+000
 4.92813898394314e+000    1.05769939457752e+000
 5.24325114796291e+000    1.05409610716270e+000
 5.49852300312948e+000    1.05214237664883e+000
 5.79860197127899e+000    1.04856248720423e+000
 6.18888011465005e+000    1.04484220993829e+000
 6.42911877394636e+000    1.04291187739464e+000
 6.77458980433447e+000    1.04081775905940e+000
 7.18019361820362e+000    1.03863004884326e+000
 7.45079114386827e+000    1.03820888537919e+000
 7.76619578251587e+000    1.03616156298441e+000
 8.09663361703372e+000    1.03409084261940e+000
 8.44239712204966e+000    1.03355268930420e+000
 8.77283495656752e+000    1.03148196893919e+000
 9.04343248223217e+000    1.03106080547513e+000
 9.32906320376707e+000    1.03061624404083e+000
 9.62972712117224e+000    1.03014828463631e+000
 9.88529145096663e+000    1.02975051914246e+000
 1.00055570179287e+001    1.02956333538066e+000
